1.000000
0.037616
0.034689
0.036816
0.037392
0.039979
0.037109
0.039065
0.037573
0.042172
0.039186
0.038499
0.036088
0.036550
0.065057
0.037703
0.037591
0.036386
0.039319
0.041564
0.039841
0.038521
0.037259
0.043011
0.038413
0.038703
0.037037
0.036982
0.069309
0.038654
0.033939
0.037623
0.036762
0.042288
0.038723
0.040221
0.038554
0.041377
0.035681
0.038791
0.033038
0.039544
0.064011
0.038512
0.035751
0.037653
0.038865
0.039731
0.039502
0.039908
0.038067
0.039855
0.038936
0.036807
0.034505
0.037963
0.067289
0.037391
0.035089
0.038087
0.037513
0.040396
0.035097
0.041208
0.042190
0.041097
0.037353
0.040699
0.036089
0.038397
0.069073
0.035692
0.031542
0.037137
0.039908
0.037488
0.038067
0.036915
0.036860
0.039631
0.038133
0.038539
0.037214
0.036928
0.063531
0.038952
0.033818
0.040053
0.036304
0.042020
0.037520
0.039947
0.040815
0.043358
0.039723
0.037589
0.033838
0.033320
0.066413
0.039272
0.037080
0.038468
0.036795
0.040494
0.040208
0.037091
0.039462
0.043220
0.039697
0.036752
0.033807
0.037624
0.068142
0.039420
0.035896
0.038673
0.036883
0.038446
0.039258
0.042093
0.039493
0.040247
0.035623
0.039674
0.032851
0.038811
0.066173
0.036270
0.032975
0.038878
0.037954
0.039345
0.036223
0.039350
0.038773
0.042884
0.039356
0.039648
0.033341
0.036990
0.060553
0.035431
0.034854
0.036941
0.039780
0.040361
0.035557
0.040134
0.039500
0.041529
0.038693
0.038348
0.034353
0.037020
0.061935
0.038589
0.035404
0.038245
0.039870
0.041437
0.039933
0.041036
0.038662
0.041505
0.037971
0.038321
0.033627
0.037050
0.063957
0.038910
0.035491
0.040654
0.039671
0.040775
0.037877
0.040490
0.040782
0.039392
0.037364
0.038990
0.036556
0.038705
0.062442
0.036214
0.035984
0.037611
0.036626
0.041795
0.037676
0.041567
0.036112
0.043314
0.038555
0.036990
0.036353
0.036936
0.060228
0.039438
0.034445
0.036945
0.037934
